0.2133252357749733
-0.2791972113790625
0.8543876752638584
0.5892503262336444
0.9032214764220556
0.8368536726531626
0.8369899820113162
-0.5695528989835277
0.05589011476861283
0.1926943658636826
0.15803031304887716
0.22396302399306056
0.7509604743484775
0.05701675008176177
0.20283097264970174
0.4809566293248646
0.8723997288513863
0.08273641183869573
0.9334290072453237
0.4645067515791179
0.7212003727544352
0.6070600890842983
0.3537886724407939
0.9060031028070084
-0.22924068233214845
0.9151859514904017
0.746797441859778
0.16737870333568305
0.7708670662473223
0.5536032395259338
0.9057184328588868
0.48398218165058404
0.3911058148486759
-0.26455295342758
-0.2924213250061586
0.5086176642515254
-0.19655114535348084
0.22641076636761248
-0.4335142166099447
-0.034626509331784794
0.042683667743357634
0.6050581722180317
-0.18502179662746265
-0.9424802744008182
0.31658957157531353
-0.9414216285085282
-0.8992256983347754
-0.7871457492632288
0.8925665119705328
-0.05936543245321502
-0.5304699615471125
0.8186319775632698
-0.6042254082197213
-0.3769488407159056
0.6172860553918096
0.5183831895572153
-0.1526558516513712
0.21558266076363108
0.05673061969130733
-0.12254238860098476
0.28053155745636316
0.6458550402560401
0.6078765454362665
0.6724744815738009
-0.7260091865844386
-0.6955986044983763
0.9137592804305446
0.19952101143197298
-0.23606269031870375
0.4900152252720209
0.1552698013049485
0.031296679845718156
0.15777522714352998
0.8965324670097872
0.0637080907888079
0.4532800892033553
0.38164447066817586
0.9300965675365098
0.43830632878192044
-0.4453343199867906
0.3116595266389166
-0.3646264410926423
0.7810264726736926
0.40336066016058214
-0.46459526554905667
0.5435140678260939
0.5548558746362688
0.13906931005028067
0.21293503343255082
0.7033757713134479
-0.0009018597684731233
0.8274427251922389
0.04833951081347643
0.8215770668405522
0.7699545149843767
0.7942606234971654
0.43132348152412137
-0.40895525438626146
-0.4478516209842349
0.7535304362045516
0.670964115651665
0.4723565975435109
-0.16749866823918114
0.7832564107664295
0.14310765836857597
0.25810039716443756
0.11947533544461497
0.4742417465909683
0.8705999939699134
-0.8998173522362118
-0.3123426233894925
0.44125535682056394
0.43685600449158435
-0.10679144620306391
0.6336850272953831
0.38190222927230644
0.01997008922530852
-0.587816241325614
0.779997104286551
0.7934211224230907
0.4232624770154181
0.08806726704342793
0.7043605574036333
0.4894236759990471
-0.4691617038734661
-0.4624186465663327
-0.31024297812095813
-0.40553778073398117
-0.6081910083423049
0.7481463478177026
-0.24424825214808077
0.44772980680261876
0.5895167337782643
0.8624511726496529
0.9261144766986684
-0.2041583609770239
0.6702588919164125
0.49939096683786666
0.16348835489723035
0.8896109316407277
-0.8210547599711205
0.09670382918447107
0.6795119193197039
0.21337813819018914
-0.12950781132080025
0.8520197755073253
0.8374873547566768
-0.9250539969442361
0.824008560348138
0.03304387987623192
0.24863940417031838
-0.8384072172567321
0.8367694440358524
0.6151074392936549
-0.5531066865902909
0.7335038206350042
0.059467141658284595
-0.6522349085064039
0.046421768429891985
0.04770352201394212
0.7612712722621122
0.1802932130738344
0.856281226325804
-0.8781515584621907
-0.2629612333380983
0.7160164358484895
-0.6582202690001083
-0.14959325827022274
0.10525457251055137
0.7294173430479236
-0.6824687085069296
0.020278097617351998
-0.5250903837119189
0.7636990361840388
-0.9044562339922037
0.36819508282555513
0.002233616201229971
0.8307549012021196
0.7057762164519037
0.7487566372201861
0.1896786280182361
0.8860246198092403
0.9008562690488819
0.45100723288238065
0.7581889559588717
0.049140161788250425
0.7757717892565967
-0.5882833710501476
-0.6688817193024558
0.6042818751032122
0.16463038221917592
0.650897142305709
0.9421819846421067
-0.6183663168588392
-0.34095196594938026
0.373255188024223
0.6321586384698594
0.37807521869630567
-0.8938622986636985
0.9010784208211586
